

%Cs = [0.1,1,10,50,100,500,1000];
Cs = [0.1,1,10,50,100,500,1000];
%Cs = 1000;
nFolds = 5;
l1_reg = 0;
nus = 0.05:0.05:0.95;
